1 -0.0280506 -0.0152361
2 -0.0280506 -0.0152361
3 -0.0280506 -0.0152361
4 -0.0280506 -0.0111906
5 -0.0280506 -0.0111906
6 -0.0221583 -0.0111906
7 -0.0180167 -0.00332442
8 -0.014911 -0.00332442
9 -0.0124717 -0.00332442
10 -0.0137805 -0.00482382
11 -0.0250547 -0.0147155
12 -0.0413034 -0.0232461
13 -0.0661505 -0.0366903
14 -0.0954839 -0.0366903
15 -0.0319985 0.00053803
16 0.0803719 0.00053803
17 0.121439 0.109749
18 0.103994 0.0345219
19 0.0535302 0.0345219
20 -0.00976119 -0.0495144
21 0.054505 0.0474553
22 0.067145 0.0474553
23 0.0411347 0.0110937
24 0.00166045 -0.0151359
25 -0.0453269 -0.0151359
26 -0.0892655 -0.0721763
27 -0.124219 -0.063893
28 -0.143878 -0.063893
29 -0.153659 -0.0736172
30 -0.15354 -0.0618998
31 -0.145958 -0.0618998
32 -0.131989 -0.044838
33 -0.110141 -0.0360905
34 -0.0841229 -0.0360905
35 -0.0628325 -0.00704561
36 -0.121155 -0.0727482
37 -0.230771 -0.0727482
38 -0.262824 -0.163017
39 -0.241812 -0.0897817
40 -0.184324 -0.0897817
41 -0.118671 0.000207756
42 -0.176015 0.000207756
43 -0.178986 -0.0974802
44 -0.146718 -0.047686
45 -0.0944632 -0.0188841
46 -0.0445868 -0.0188841
47 0.00451212 0.0393988
48 0.0481399 0.0347591
49 0.000843972 -0.0205279
50 0.086403 0.0669241
51 0.153997 0.0669241
52 0.203198 0.12634
53 0.233744 0.12634
54 0.233817 0.104351
55 0.233864 0.104351
56 0.233864 0.104351
57 0.233865 0.104351
58 0.226734 0.0866635
59 0.222436 0.0866635
60 0.220318 0.0866635
61 0.21981 0.0841772
62 0.154359 0.0479849
63 0.100953 0.0479849
64 0.0574531 -0.0163921
65 0.0327443 0.00263592
66 0.0218866 0.00263592
67 0.0219323 0.00389173
68 0.0296362 0.00389173
69 0.0419905 0.0243051
70 0.0538306 0.0258077
71 0.0662194 0.0258077
72 0.0781167 0.0405787
73 0.0878226 0.0387168
74 0.0947249 0.0387168
75 0.0147916 -0.0235756
76 -0.022384 -0.0235756
77 -0.0339953 -0.0334266
78 -0.0249732 -0.00671921
79 -0.00277255 -0.00671921
80 0.0298621 0.03357
81 0.133918 0.0950146
82 0.19738 0.0950146
83 0.221959 0.124047
84 0.217148 0.0851988
85 0.194445 0.0851988
86 0.163079 0.0440317
87 0.128999 0.0440317
88 0.101614 0.0165881
89 0.0790987 0.0232413
90 0.0637182 0.0232413
91 0.0549603 0.0129916
92 0.051689 0.0200816
93 0.0520025 0.0200816
94 0.0544916 0.0236867
95 0.0578511 0.0236867
96 0.0612184 0.0280084
97 0.063421 0.0271431
98 0.0647993 0.0271431
99 0.0649922 0.0275841
100 0.0636694 0.0275841
101 0.062456 0.0249891
102 0.0612324 0.0250858
103 0.0600925 0.0250858
104 0.0587187 0.0236231
105 0.0582718 0.0236231
106 0.0568197 0.0231662
107 0.0555739 0.0229847
108 0.0556721 0.0229847
109 0.0561666 0.0240133
110 0.0552732 0.0231168
