1 -9.24105e-08 4.15865e-08 0
2 -3.02602e-08 4.15865e-08 0
3 -1.23471e-07 4.15865e-08 0
4 -1.13733e-07 0 5.99051e-10
5 -3.42035e-08 0 5.99051e-10
6 2.24768 0 5.99051e-10
7 3 0 0.4503
8 3 0 0.4503
9 3 0 0.4503
10 0.44906 0.0184777 0
11 0.673691 0 0.0790579
12 1.25967 0 0.155848
13 1.58157 0 0.174993
14 1.67393 0 0.174993
15 1.7134 0 0.178844
16 1.73834 0 0.178844
17 1.76652 0 0.180397
18 1.7883 0 0.181188
19 1.80027 0 0.181188
20 1.83541 0 0.187348
21 1.88488 0 0.192601
22 1.8436 0 0.192601
23 1.79608 0 0.176988
24 1.76849 0 0.177467
25 1.81214 0 0.177467
26 1.87838 0 0.195517
27 1.81036 0 0.180001
28 1.80588 0 0.180001
29 1.85672 0 0.19054
30 1.81049 0 0.181469
31 1.77275 0 0.181469
32 1.79957 0 0.182324
33 1.76322 0 0.177592
34 1.77775 0 0.177592
35 1.80059 0 0.185196
36 1.82711 0 0.187489
37 1.80266 0 0.187489
38 1.77457 0 0.178459
39 1.80133 0 0.185279
40 1.81906 0 0.185279
41 1.8144 0 0.186083
42 1.77222 0 0.186083
43 0.809104 0 0.0347169
44 0.116632 0.0188776 0
45 0.998142 0 0.148072
46 0.98559 0 0.148072
47 0.947553 0 0.0965033
48 0.957668 0 0.100646
49 0.960641 0 0.100682
50 0.961649 0 0.100781
51 0.960907 0 0.100781
52 0.960883 0 0.100711
53 0.961784 0 0.100711
54 -0.0379219 0.0490747 0
55 -0.000334203 0.0490747 0
56 -0.000166253 0.0490747 0
57 -8.16595e-05 0.0490747 0
58 2.25151 0 0.344505
59 2.97325 0 0.344505
60 2.93988 0 0.344505
61 2.63665 0 0.288069
62 1.29882 0 0.101842
63 1.36882 0 0.101842
64 1.67811 0 0.19235
65 1.84484 0 0.198579
66 1.77893 0 0.198579
67 1.72067 0 0.171789
68 1.73977 0 0.171789
69 1.76416 0 0.184697
70 1.76208 0 0.182387
71 1.76605 0 0.182387
72 2.24778 0 0.255571
73 2.00259 0 0.194707
74 1.81883 0 0.194707
75 1.76585 0 0.171633
76 1.76524 0 0.171633
77 2.04802 0 0.226
78 1.91757 0 0.192517
79 1.85925 0 0.192517
80 1.80864 0 0.18288
81 1.79501 0 0.186461
82 1.80396 0 0.186461
83 1.77419 0 0.184197
84 1.75036 0 0.18184
85 1.73426 0 0.18184
86 1.74686 0 0.182679
87 1.73615 0 0.182679
88 1.74535 0 0.182803
89 1.82808 0 0.195471
90 1.76646 0 0.195471
91 1.77126 0 0.182989
92 1.75231 0 0.183161
93 1.73461 0 0.183161
94 1.70665 0 0.177431
95 1.73604 0 0.177431
96 1.73912 0 0.184758
97 1.73522 0 0.182723
98 1.71796 0 0.182723
99 2.99718 0 0.372512
100 2.98886 0 0.372512
101 2.99899 0 0.309985
102 2.99399 0 0.309445
103 2.98982 0 0.309445
104 2.05473 0 0.169011
105 0.995906 0 0.169011
106 0.996547 0 0.0573466
107 0.999251 0 0.110761
108 0.995747 0 0.110761
109 0.996641 0 0.110334
110 0.996588 0 0.110556
